801 2679
156 549
139 16
656 587
642 380
572 253
518 682
142 174
182 476
278 446
650 136
119 638
101 223
602 129
51 112
557 426
273 222
789 477
240 604
441 685
797 216
466 18
35 123
254 518
97 696
175 256
322 724
586 441
640 652
550 340
683 411
261 630
279 749
343 595
638 338
236 641
474 148
701 158
61 63
406 175
155 755
268 383
487 272
553 415
294 26
206 328
204 638
524 85
301 94
49 616
748 609
604 299
642 8
164 143
548 728
237 201
786 520
436 494
43 113
116 601
390 532
690 655
747 450
680 767
453 563
516 791
314 139
5 640
688 254
562 767
501 177
49 528
758 350
702 549
556 123
616 107
635 217
561 734
375 450
345 416
698 484
774 81
27 109
123 410
90 603
113 160
541 108
718 584
448 395
446 650
395 494
402 574
420 510
387 56
481 309
13 739
216 465
536 761
756 298
135 369
212 645
451 337
162 677
687 471
61 275
462 548
307 613
181 68
473 699
310 39
207 563
595 714
249 176
710 708
18 291
329 385
612 399
704 184
761 57
335 202
137 119
670 764
656 59
414 58
88 397
754 565
790 42
25 412
682 363
100 647
530 281
627 635
649 560
136 605
375 687
324 564
332 269
220 440
595 361
360 299
593 136
614 448
755 281
277 682
337 13
372 416
530 385
490 671
255 582
564 778
729 758
326 390
10 499
85 584
565 734
487 254
342 786
568 781
271 274
312 300
627 576
684 375
441 579
243 276
351 543
485 273
708 647
730 782
547 716
297 28
596 608
423 708
281 301
191 173
527 263
625 571
664 747
354 413
669 487
154 155
193 695
777 81
438 66
738 604
39 794
675 574
31 34
660 617
440 87
427 320
466 80
582 631
548 419
73 498
592 56
476 605
671 295
59 493
375 698
626 163
272 455
614 552
636 458
656 136
130 227
154 237
337 571
391 136
284 454
675 261
39 364
189 660
500 587
356 496
40 369
70 23
363 27
37 342
701 602
713 180
56 198
742 57
762 286
31 793
273 14
59 192
97 117
260 796
634 769
232 321
123 111
767 325
469 386
593 259
225 732
728 640
711 311
786 705
736 155
594 217
171 127
157 32
101 326
199 421
75 629
117 359
578 155
618 98
283 186
711 526
435 605
43 259
333 688
669 609
211 386
178 627
269 392
306 402
2 334
743 96
748 109
752 798
110 615
454 480
720 316
389 53
338 329
233 402
505 328
749 10
592 331
616 321
32 333
450 513
571 266
276 584
388 130
100 180
618 508
530 778
518 316
778 665
102 478
177 440
456 113
628 562
630 415
613 8
668 248
782 555
194 733
526 202
503 511
86 333
767 425
582 374
293 722
572 758
239 671
133 57
670 677
395 725
56 74
57 247
203 368
520 14
166 777
246 182
249 709
287 464
769 801
38 564
546 251
33 404
452 672
142 412
492 212
440 605
721 700
333 377
156 470
356 635
488 510
217 800
219 708
756 82
524 360
446 59
467 351
565 47
567 394
400 356
184 6
475 82
132 657
513 74
204 200
263 506
603 463
204 495
386 736
576 235
95 461
171 91
651 142
708 735
106 483
659 318
109 267
471 787
682 446
222 399
711 104
173 132
165 410
446 397
13 598
495 725
588 206
718 798
578 468
745 407
11 696
274 606
515 744
5 16
512 52
416 153
89 613
769 667
293 699
616 33
227 284
100 534
525 563
486 571
507 636
233 291
63 785
216 431
301 287
782 221
748 72
332 512
648 129
180 425
789 721
583 117
298 607
515 151
720 488
774 213
633 679
173 444
11 315
110 319
15 494
311 466
313 55
41 218
704 379
760 648
564 568
588 390
183 195
22 146
631 480
742 118
580 729
504 203
506 774
68 734
508 659
159 673
712 793
201 416
241 627
420 457
519 559
117 342
597 92
191 272
447 431
521 165
405 492
705 203
28 773
692 442
490 132
471 426
689 293
633 332
245 35
613 271
675 540
626 703
589 84
43 112
741 105
439 765
232 482
590 326
630 162
465 108
780 80
604 249
659 203
56 575
683 313
646 327
284 28
307 280
593 332
116 69
427 754
746 425
105 295
21 54
561 33
619 160
143 787
719 197
789 622
377 552
461 96
95 359
86 56
452 357
550 545
39 338
298 216
154 325
70 49
473 86
737 724
239 273
99 633
337 361
300 123
357 683
107 643
18 551
123 413
97 563
80 90
585 428
1 504
476 158
738 361
189 798
171 383
205 195
600 378
565 675
512 134
146 563
271 231
516 600
536 705
468 628
706 689
425 314
414 367
235 71
56 497
30 702
560 508
742 387
695 454
256 317
756 27
478 450
649 314
353 536
657 743
452 196
698 611
682 399
60 509
6 610
157 313
547 346
86 74
792 329
664 147
369 521
101 433
156 60
622 422
393 636
298 768
120 149
484 608
417 792
364 513
509 61
164 1
494 569
208 610
562 529
562 628
564 394
160 683
217 731
396 365
735 304
596 650
647 638
797 322
708 163
800 324
452 607
168 46
313 528
99 620
391 492
121 581
710 671
53 478
348 372
258 35
647 337
84 324
12 118
53 591
772 678
41 15
412 617
318 663
544 114
374 389
126 554
257 551
37 534
684 793
187 275
357 341
32 548
627 218
224 284
519 436
315 378
483 131
531 260
289 266
701 204
510 314
423 496
578 332
509 313
638 306
703 196
100 676
484 654
603 493
625 451
40 71
741 87
82 11
121 28
504 386
84 589
243 136
433 168
678 29
21 535
462 454
709 152
44 554
424 570
240 234
708 531
30 572
270 548
607 175
278 786
228 291
87 11
358 529
57 10
368 422
205 375
773 618
419 454
537 47
530 132
586 505
649 677
778 445
211 581
731 194
689 785
585 176
586 78
198 631
146 466
113 13
27 381
318 283
297 163
250 283
103 719
161 759
738 609
727 556
615 798
693 111
266 244
578 595
326 346
775 53
387 780
266 71
529 128
486 490
250 133
289 33
644 461
313 347
612 89
557 584
235 614
100 578
552 515
511 765
332 654
724 415
302 568
758 496
751 743
296 369
115 215
688 338
400 479
788 149
148 255
549 299
100 101
34 226
183 621
465 166
524 552
480 292
167 580
690 210
321 42
712 240
658 427
220 575
2 302
206 5
783 289
126 299
145 728
643 105
224 319
371 554
465 14
15 761
412 786
287 733
681 335
278 282
590 660
295 520
632 319
558 118
69 709
323 150
696 231
481 40
114 17
747 472
783 302
242 736
758 322
10 234
565 482
238 268
720 64
466 81
712 730
801 564
40 589
114 783
557 708
72 563
498 166
751 71
664 65
80 120
191 555
692 204
35 707
698 247
205 78
132 753
518 576
390 800
655 178
508 525
53 647
94 504
111 442
518 398
448 564
620 493
322 680
415 208
382 413
402 762
131 415
295 574
791 405
616 604
265 325
105 646
489 89
440 424
96 538
206 30
249 339
66 724
783 316
589 50
368 79
793 222
525 96
488 729
700 138
315 108
482 257
482 759
339 354
769 458
707 130
623 469
204 440
525 8
177 154
247 752
604 232
110 509
92 152
224 219
246 694
157 745
413 671
400 321
378 702
220 756
257 358
59 11
422 45
315 101
47 495
530 298
289 514
452 391
756 770
578 62
656 502
570 145
697 783
555 760
629 775
649 262
686 742
481 492
497 20
633 429
250 554
397 649
383 191
753 427
561 732
654 132
396 729
589 251
383 12
85 556
391 541
752 492
349 86
787 658
332 558
740 261
83 634
622 801
73 75
553 382
368 116
343 151
563 766
799 737
174 363
469 474
435 790
492 256
700 362
479 130
190 438
428 511
583 656
323 211
362 481
4 448
77 543
233 738
384 249
23 640
355 230
601 527
748 682
128 631
344 770
331 644
315 27
153 287
262 75
370 758
238 672
421 320
225 701
729 215
160 33
654 194
273 329
310 397
590 588
65 100
359 638
509 35
310 60
728 339
340 153
341 320
658 2
514 287
76 601
205 624
298 751
62 81
100 236
103 604
159 478
217 323
753 785
288 336
535 228
630 564
444 619
211 336
109 582
149 607
367 776
227 519
104 635
452 608
783 684
185 401
465 62
529 351
513 232
163 508
681 383
592 505
386 170
26 499
356 650
341 596
585 155
186 355
629 573
7 734
507 293
380 474
715 338
612 779
685 193
651 369
467 454
290 203
787 251
114 80
741 762
66 495
766 135
717 321
204 33
98 105
704 628
120 529
377 627
214 453
40 687
130 153
77 115
168 785
796 220
428 616
597 557
393 327
512 609
676 487
188 252
666 246
507 427
753 621
578 730
321 291
416 672
286 597
378 538
707 663
318 208
729 629
528 490
737 501
59 58
243 380
634 698
318 163
85 156
88 165
767 303
593 214
240 70
369 652
619 307
245 355
619 356
436 567
129 89
408 603
319 346
212 384
767 13
362 699
520 592
651 77
566 120
161 268
52 664
611 52
215 705
795 48
337 579
428 798
368 423
204 360
480 347
208 688
249 420
263 71
324 68
736 455
23 698
597 171
639 544
182 369
416 215
327 259
383 317
111 408
264 448
253 726
269 62
552 541
42 695
264 26
427 454
681 577
67 24
622 330
159 584
717 78
543 155
103 400
487 106
271 51
495 623
701 784
527 217
269 644
202 172
262 621
438 579
772 298
632 306
333 568
246 379
763 498
175 352
770 397
580 703
393 614
786 576
508 319
774 779
49 695
771 592
69 500
15 7
552 39
644 437
701 239
212 12
124 382
269 67
571 370
96 587
171 471
781 232
430 46
565 198
452 674
343 262
456 122
534 469
521 429
264 151
184 766
212 226
326 341
147 706
187 420
181 424
558 149
524 362
763 167
505 150
729 553
623 219
22 470
669 468
136 288
229 77
105 522
513 389
40 156
103 592
249 10
452 102
271 340
645 626
668 515
518 10
11 273
700 729
477 720
313 695
335 600
393 180
123 783
783 789
509 298
183 610
573 353
149 292
153 110
28 333
546 152
30 121
603 425
65 141
428 103
636 220
378 188
86 229
90 191
787 633
129 6
460 426
173 671
686 727
781 416
409 707
226 756
277 641
706 289
600 153
666 793
632 763
112 531
704 247
355 418
250 212
732 797
787 529
682 140
385 463
613 217
228 185
265 324
158 196
507 482
114 250
509 688
510 294
480 192
597 224
121 210
305 382
786 113
788 381
533 361
368 699
248 534
621 789
315 503
380 306
571 289
332 162
150 172
463 693
765 577
785 387
594 789
666 134
635 189
384 668
421 114
652 319
571 630
123 382
718 661
677 257
628 123
59 157
577 771
304 198
735 635
764 218
396 291
218 271
419 130
222 335
496 362
606 666
135 635
448 280
319 527
324 414
95 84
668 44
793 498
672 23
269 509
640 448
566 695
660 568
384 89
631 275
61 650
336 322
102 212
213 319
30 431
534 799
78 214
354 359
192 59
101 95
764 446
31 530
250 666
434 399
417 112
199 141
711 197
425 683
84 549
486 780
693 172
696 640
628 474
61 530
679 654
27 792
748 684
518 557
315 5
79 36
263 759
512 348
433 114
161 341
388 442
791 331
631 278
102 94
360 478
309 592
477 612
370 414
27 317
191 486
191 37
307 221
146 783
298 594
723 792
739 657
491 473
40 388
358 675
280 691
388 265
796 158
191 265
788 587
225 700
318 371
636 588
179 382
181 660
791 10
189 766
279 214
321 580
473 206
163 755
455 426
591 531
758 202
595 724
360 696
270 272
128 180
789 406
555 194
39 542
502 777
50 796
595 72
523 106
710 522
104 375
322 210
442 580
21 436
792 121
385 549
188 52
800 580
48 729
105 280
472 565
115 553
560 746
481 151
360 703
672 158
218 517
573 343
111 391
792 279
223 345
633 21
636 38
440 177
719 702
334 562
632 709
347 570
137 247
304 150
491 245
329 146
55 91
635 116
156 511
340 502
468 291
586 458
149 131
377 379
192 493
305 567
711 540
732 492
456 378
383 202
699 221
150 226
668 497
119 145
636 61
654 562
256 230
603 422
43 174
65 221
561 752
121 790
527 47
485 5
327 53
202 107
330 164
370 386
745 656
546 74
318 74
70 595
358 233
454 518
579 754
234 503
108 74
717 429
495 492
225 277
88 166
234 518
218 508
383 465
314 414
387 316
744 327
727 6
134 281
90 524
534 441
667 601
423 282
685 526
299 92
45 292
102 266
319 784
508 130
330 571
789 528
166 342
298 29
282 646
635 796
210 500
31 470
707 181
318 171
57 8
701 592
634 565
450 41
454 737
553 246
275 635
646 670
226 512
44 511
248 749
523 765
605 186
19 488
657 123
572 205
485 167
160 651
591 786
744 294
120 75
301 138
234 520
399 525
629 283
352 377
225 400
617 201
29 512
68 759
767 429
534 331
121 157
695 252
185 696
754 494
555 28
459 131
613 339
299 801
428 305
767 298
418 104
374 177
591 428
407 19
230 43
70 127
492 216
330 783
60 33
334 640
134 699
11 505
450 59
92 370
238 202
370 441
560 286
209 320
746 172
412 227
475 517
665 386
230 83
530 461
328 794
738 414
59 524
29 609
191 470
722 456
769 170
45 418
314 716
28 542
504 359
315 103
559 528
738 242
164 78
493 112
115 536
633 544
785 270
520 56
714 697
362 82
491 55
623 774
687 750
63 245
213 442
515 569
769 278
492 206
598 406
208 669
797 629
546 439
582 409
251 273
141 733
770 194
458 512
275 74
797 742
712 471
786 399
715 578
347 121
659 91
210 573
251 645
52 15
663 164
504 633
663 798
764 336
298 139
319 393
673 794
139 31
71 114
571 589
399 220
75 119
648 157
596 232
706 632
500 717
666 410
743 525
283 19
388 590
657 226
530 112
641 19
702 249
326 286
460 649
534 705
428 277
746 296
766 410
161 313
519 728
522 153
120 110
472 759
196 630
786 530
270 387
492 631
124 493
369 783
543 103
532 442
16 35
329 60
384 76
739 82
770 670
13 589
111 603
76 399
297 687
160 594
583 242
732 680
507 184
509 535
425 533
498 270
246 462
598 147
12 95
783 263
713 644
683 44
314 140
597 89
101 196
362 39
698 499
40 661
75 662
649 509
444 20
542 368
410 337
103 252
103 651
767 736
77 481
223 582
99 588
372 600
157 521
304 67
290 170
37 687
425 127
100 98
397 449
26 454
20 291
101 562
218 721
169 499
372 659
148 340
403 196
116 64
523 215
765 408
680 485
629 467
25 381
461 471
615 239
671 722
121 543
711 134
731 588
626 516
599 732
520 115
630 370
557 637
597 107
172 541
322 174
13 373
554 261
610 230
296 695
616 86
707 289
781 165
620 467
379 365
670 132
611 679
562 468
456 140
629 178
337 202
639 87
127 372
684 419
480 92
357 69
747 581
431 768
383 198
663 276
298 206
626 426
754 640
404 204
77 610
738 681
105 278
290 525
532 426
28 582
569 573
479 481
76 224
7 312
465 641
160 203
381 344
608 132
240 627
459 121
115 436
649 25
482 314
100 650
174 330
602 27
431 503
163 215
418 309
609 558
385 113
691 619
374 797
531 727
398 290
453 386
533 301
332 226
338 684
445 392
163 510
143 705
366 731
535 610
730 44
64 602
736 726
71 686
457 673
106 56
481 538
560 30
708 635
103 281
31 76
552 381
591 4
390 485
504 137
527 86
31 477
694 311
587 444
479 655
668 579
651 192
483 159
413 706
134 565
251 478
531 256
789 423
556 195
371 328
779 721
28 286
327 600
536 431
241 415
332 511
305 219
439 325
41 737
499 93
59 588
543 174
315 499
508 277
39 593
667 296
794 781
124 146
485 151
458 586
62 72
212 490
430 417
257 275
507 324
142 277
595 533
665 342
704 311
99 453
580 71
103 271
573 170
381 468
493 250
609 248
462 527
212 275
47 265
235 658
435 116
341 418
610 487
60 786
47 517
764 605
231 568
553 464
643 456
550 709
655 218
206 277
244 200
101 577
613 419
553 475
627 124
131 6
594 399
300 185
602 511
306 614
569 238
733 632
204 764
353 30
601 189
677 368
349 565
744 222
687 358
746 187
466 545
430 686
313 279
681 345
663 473
43 263
192 442
356 275
50 495
604 745
329 273
635 606
139 559
726 737
140 777
307 158
437 416
746 492
431 714
697 521
128 293
720 634
367 489
83 107
345 190
510 46
311 604
259 618
193 327
577 46
707 734
791 466
597 246
346 167
256 195
260 64
371 776
743 462
306 207
677 401
770 370
238 88
132 26
425 747
706 419
138 289
47 451
767 85
623 538
242 749
599 683
308 61
403 297
276 595
101 636
402 42
272 709
220 94
586 354
21 769
208 195
138 345
12 703
207 186
724 16
230 178
13 770
529 553
328 481
715 767
185 454
496 98
705 421
82 381
46 111
655 169
359 220
697 534
789 461
186 431
446 398
66 575
748 634
285 788
567 669
630 626
227 61
728 502
307 565
711 712
750 278
440 616
304 55
106 786
570 318
291 252
572 91
628 104
208 403
9 25
104 708
483 305
142 799
228 773
166 362
558 600
82 186
742 756
191 374
195 60
106 52
362 90
147 321
60 531
301 237
768 718
550 351
700 424
461 604
614 610
137 561
745 542
782 73
162 539
732 38
588 483
698 372
627 383
368 75
591 728
174 761
250 99
390 400
641 18
661 152
499 503
746 98
774 540
558 391
504 270
103 741
235 27
186 48
589 94
308 735
457 521
585 158
536 145
119 629
489 376
626 52
93 496
772 352
341 87
455 638
773 399
701 98
47 787
503 658
252 741
1 632
111 247
576 527
591 569
578 744
14 72
361 29
623 583
737 589
57 610
708 61
287 103
696 263
692 1
130 190
43 342
319 237
121 40
114 161
22 355
173 450
302 613
251 792
198 769
660 587
274 506
496 54
777 651
316 769
615 241
618 23
48 654
270 790
512 29
608 147
752 327
330 353
517 772
129 579
246 652
7 614
780 76
127 214
91 737
700 366
739 797
575 574
635 681
778 707
86 739
784 735
571 174
222 308
389 504
13 402
400 558
365 308
60 422
121 542
378 404
585 788
197 73
508 362
572 457
789 744
702 758
801 637
552 506
778 572
332 468
668 286
320 436
473 182
638 354
583 216
74 623
682 533
61 279
115 684
479 404
674 81
413 507
272 754
37 261
421 107
170 208
23 669
715 355
13 646
51 623
306 691
511 601
476 557
685 298
760 639
778 354
562 55
525 385
772 145
597 543
790 12
182 223
437 77
19 670
666 152
43 202
341 503
65 566
138 743
142 690
732 105
453 77
402 304
497 536
738 566
797 547
192 297
208 485
202 133
366 778
574 181
652 615
121 358
711 441
146 499
610 249
185 549
576 510
744 452
580 414
709 62
268 495
622 426
570 193
291 493
350 311
150 304
779 15
73 293
291 378
3 251
404 187
78 22
649 653
485 303
283 84
765 232
768 147
291 609
717 144
443 81
598 294
582 172
414 306
256 598
169 795
614 712
383 624
39 135
570 517
16 726
475 772
725 487
636 774
528 135
378 242
693 142
128 346
442 320
206 519
213 361
378 101
17 121
532 552
21 626
135 681
119 548
769 379
395 516
145 477
110 281
681 35
419 532
786 712
110 599
455 2
369 306
332 130
775 256
512 531
214 186
643 437
275 623
149 321
651 655
461 676
130 252
351 388
708 14
286 790
693 510
450 431
663 315
278 799
201 769
343 621
397 301
13 625
473 626
476 343
596 192
792 255
116 663
53 336
140 634
592 481
242 285
766 474
154 260
151 127
46 451
671 131
533 227
258 165
144 455
475 311
762 509
198 84
398 570
590 17
171 687
674 135
469 751
219 756
723 657
759 360
63 433
708 493
98 10
94 620
4 801
795 157
483 591
623 318
369 340
44 722
602 455
344 800
567 344
129 63
369 293
314 430
641 359
171 107
67 343
731 518
715 189
509 513
147 2
776 7
298 122
673 555
49 398
717 173
352 532
495 404
63 271
389 769
388 50
684 252
568 647
768 404
737 784
611 404
619 283
146 235
376 466
98 144
764 619
447 393
63 192
274 784
719 134
546 728
13 607
465 121
697 458
209 157
688 515
191 5
522 325
87 515
555 667
494 515
647 278
464 562
194 154
752 558
676 156
471 785
280 58
136 340
194 576
404 567
767 34
662 513
38 303
646 784
461 214
229 798
375 511
605 52
588 665
793 583
421 270
365 318
777 107
635 612
559 473
210 175
104 694
159 689
407 717
748 373
417 693
253 508
631 310
319 241
416 101
309 624
154 402
109 185
119 227
401 573
383 485
331 534
136 499
121 206
447 343
398 704
197 722
713 664
153 656
99 313
32 671
210 313
774 642
576 389
481 412
392 102
671 798
488 613
638 792
568 308
545 363
555 452
259 771
721 423
426 679
6 508
284 758
549 748
418 534
256 351
277 465
207 549
544 546
83 414
104 306
663 413
281 506
156 788
16 174
472 417
182 796
557 214
279 94
84 675
72 726
159 398
167 612
39 307
118 360
46 174
139 632
564 114
604 774
733 251
403 732
522 452
462 403
467 401
379 627
159 337
23 396
448 34
304 359
417 600
508 196
532 758
772 787
699 728
463 703
563 216
564 202
179 662
450 328
680 337
470 71
60 569
266 741
376 232
672 789
220 425
511 175
702 438
580 208
321 329
47 146
2 90
522 548
437 182
745 453
595 438
797 377
304 600
194 411
714 706
472 233
110 234
701 456
114 354
207 643
689 587
527 555
235 1
133 535
301 212
652 296
233 59
488 461
87 682
77 250
522 345
297 631
219 15
514 591
470 476
588 151
167 276
63 249
575 550
39 238
56 495
19 664
591 614
598 75
753 495
331 228
246 620
138 486
729 57
692 171
73 651
661 453
664 471
482 45
386 143
321 244
125 530
683 162
372 512
601 480
299 657
324 214
788 709
628 388
460 360
391 501
490 432
435 465
58 540
459 285
27 164
155 107
543 665
712 561
608 5
196 191
731 604
678 69
42 581
280 701
45 568
727 747
94 158
432 797
532 349
383 86
283 201
374 69
559 179
527 474
507 288
679 175
681 532
633 371
209 222
121 12
393 23
512 75
25 27
73 292
408 586
672 489
393 96
692 332
71 204
273 29
393 607
797 684
637 610
601 65
790 124
719 52
770 59
475 291
169 794
297 288
227 236
264 98
229 139
449 58
602 480
225 487
71 498
127 657
184 750
191 563
714 2
492 578
626 301
276 406
98 242
739 468
394 121
31 785
450 567
105 131
421 545
281 7
212 335
67 581
512 117
416 384
490 651
436 184
521 550
536 731
683 137
204 633
116 62
340 393
768 68
1 224
712 178
578 679
615 750
411 430
70 732
531 154
769 785
147 238
795 785
208 597
338 668
105 408
754 55
720 550
424 568
317 222
392 86
341 610
515 210
3 51
645 384
102 645
682 372
604 644
91 635
274 441
682 74
518 732
629 700
351 165
725 463
786 28
533 139
454 379
350 530
647 247
152 788
524 322
564 364
584 173
124 766
533 252
241 574
5 729
687 614
597 586
248 301
514 549
75 454
761 286
617 737
144 130
772 634
165 788
3 540
633 271
482 83
391 470
16 467
160 439
732 536
54 564
614 378
166 253
346 435
338 219
502 165
394 431
419 445
774 241
62 397
447 604
710 265
318 421
198 61
679 251
618 26
520 149
441 761
47 710
304 608
603 510
453 476
241 273
300 24
259 177
464 581
304 4
361 53
307 17
96 752
745 223
800 745
126 141
610 752
312 616
442 667
760 327
710 543
77 129
473 96
680 136
112 238
208 206
318 263
374 160
543 330
64 175
179 150
441 627
320 364
603 100
141 285
159 706
309 241
437 300
596 77
89 466
254 457
664 741
440 787
458 57
501 522
176 783
379 447
622 34
441 523
794 411
578 476
628 182
726 753
268 620
394 691
236 184
82 565
247 493
799 31
603 125
287 252
466 401
429 27
582 564
604 577
199 287
681 255
38 300
98 27
67 559
395 309
163 599
421 269
704 721
47 733
512 607
82 483
454 149
477 151
387 220
260 675
673 96
472 468
256 59
38 295
754 384
795 120
523 482
16 257
3 29
37 387